0.372427 0.384881 0.276601 0.333768 0.366095 0.259123 0.278134 0.352237 0.172638 0.304716 
 0.314973 -0.628972 -0.448227 -0.14723 0.412584 0.0711685 0.222607 0.00148914 0.222704 0.0903245 
 -0.147115 -0.288597 0.54978 -0.206482 0.0879851 -0.113994 -0.070703 -0.305112 0.0433546 0.655338 
 0.21875 0.0343287 0.250154 0.212152 0.395374 -0.330186 -0.389979 -0.345264 0.365303 -0.416298 
 -0.50823 0.317162 -0.26411 -0.107419 0.0743373 0.226306 0.111795 -0.238228 0.6509 0.100775 
 -0.22241 -0.0896994 -0.310686 0.377156 0.0691056 -0.19314 -0.59435 0.409818 0.0602951 0.369862 
 -0.0629675 0.0522571 0.0163487 -0.0746574 -0.11594 -0.796971 0.442253 0.293227 0.238745 0.0170147 
 0.426094 0.243481 -0.0330698 -0.674695 -0.17382 0.0124416 -0.390553 0.230075 0.241781 0.0925258 
 0.301045 -0.253624 0.0612327 0.386231 -0.690198 0.125815 0.0226367 -0.112157 0.427666 0.0626947 
 -0.329671 -0.369888 0.431693 -0.124622 0.0368446 0.257117 -0.0402825 0.536122 0.244155 -0.369435 
 
