0.372548 0.38487 0.276586 0.333831 0.366169 0.259063 0.278079 0.352224 0.172655 0.304544 
 0.322834 -0.620715 -0.457493 -0.137877 0.417356 0.0678748 0.217055 0.00307345 0.22795 0.065615 
 -0.103144 -0.307247 0.568058 -0.184823 0.134513 -0.150562 -0.106703 -0.330994 0.0667957 0.609872 
 0.224576 0.0757492 0.203088 0.235204 0.376192 -0.319036 -0.386979 -0.312802 0.35512 -0.479843 
 -0.510429 0.308916 -0.247781 -0.114156 0.0776933 0.223278 0.11156 -0.24865 0.652574 0.116582 
 -0.224583 -0.0890358 -0.312168 0.376811 0.0692504 -0.187146 -0.595414 0.407908 0.0605526 0.371223 
 0.0708582 -0.047933 -0.0151385 0.0619679 0.11284 0.798125 -0.445001 -0.291854 -0.235288 -0.01762 
 0.425408 0.243874 -0.0328324 -0.675094 -0.176577 7.3789e-05 -0.383759 0.234623 0.246123 0.093002 
 0.300437 -0.253976 0.0612769 0.387203 -0.689941 0.125845 0.0231642 -0.112502 0.427305 0.0625636 
 0.329671 0.369888 -0.431693 0.124622 -0.0368446 -0.257117 0.0402825 -0.536122 -0.244155 0.369435 
 
