0.372487 0.38491 0.276635 0.333799 0.366067 0.259097 0.278119 0.35226 0.172562 0.304628 
 0.317587 -0.62823 -0.447545 -0.144947 0.41521 0.0687898 0.219795 3.49312e-05 0.224584 0.0853206 
 -0.111488 -0.293991 0.576799 -0.18309 0.123156 -0.15022 -0.109265 -0.3292 0.0597267 0.61099 
 0.250746 0.052755 0.212024 0.235765 0.378554 -0.327672 -0.387148 -0.305003 0.329861 -0.481054 
 0.501279 -0.310921 0.240599 0.102041 -0.0945211 -0.208322 -0.0917314 0.259792 -0.667759 -0.098014 
 0.22096 0.0905368 0.310205 -0.378147 -0.0701005 0.188585 0.59766 -0.408043 -0.0578842 -0.369096 
 -0.0724684 0.0470209 0.0149547 -0.0593488 -0.112214 -0.798298 0.445706 0.291464 0.234527 0.0176673 
 -0.421772 -0.246892 0.0334422 0.679659 0.169159 0.00398289 0.382458 -0.236808 -0.24206 -0.0923132 
 0.30522 -0.251207 0.0609025 0.379558 -0.69189 0.125836 0.018832 -0.109846 0.430056 0.0636094 
 0.329671 0.369888 -0.431693 0.124622 -0.0368446 -0.257117 0.0402825 -0.536122 -0.244155 0.369435 
 
